%myfun
function y = myfun(x)
p1 = 1.7779e-009;
  p2 = 0.0003306;
% p1 = 3e-009;
%   p2 = 0.0;
y = p1*x + p2;
